 24350.000   46  1  1  6.3299243E-03 -7.4118532E+00 -5.2722027E-01  1  1  2.4120094E+04  5.6623104E+01  0.0000000E+00  5.2831960E-01  4.0000000E+00  0.0000000E+00 = E_edge, Z, n_edge, j_edge, Abs_before_edge, VO_interstitial, E_cut, ninit, ninit1, Epsii , UnitCell_Volume, Surface_ref, f0_forward, natomsym_f, abs_u_i
    Energy    <xanes>    
  -100.000  8.9377795E-19
  -99.0000  1.1318911E-18
  -98.0000  1.4428627E-18
  -97.0000  1.8523942E-18
  -96.0000  2.3981351E-18
  -95.0000  3.1340661E-18
  -94.0000  4.1390270E-18
  -93.0000  5.5345113E-18
  -92.0000  7.5047948E-18
  -91.0000  1.0348100E-17
  -90.0000  1.4547262E-17
  -89.0000  2.0925955E-17
  -88.0000  3.0947516E-17
  -87.0000  4.7341299E-17
  -86.0000  7.5542651E-17
  -85.0000  1.2709545E-16
  -84.0000  2.2965070E-16
  -83.0000  4.5825929E-16
  -82.0000  1.0631289E-15
  -81.0000  3.1874644E-15
  -80.0000  1.6643623E-14
  -79.0000  6.9210207E-13
  -78.0000  2.7355652E-13
  -77.0000  5.8906738E-15
  -76.0000  3.7996088E-15
  -75.0000  3.3803904E-15
  -74.0000  3.3805615E-15
  -73.0000  3.6749909E-15
  -72.0000  4.2690631E-15
  -71.0000  5.2415800E-15
  -70.0000  6.7540833E-15
  -69.0000  9.0873388E-15
  -68.0000  1.2717598E-14
  -67.0000  1.8460086E-14
  -66.0000  2.7760998E-14
  -65.0000  4.3209185E-14
  -64.0000  6.9636073E-14
  -63.0000  1.1632373E-13
  -62.0000  2.0190483E-13
  -61.0000  3.6558056E-13
  -60.0000  6.9417637E-13
  -59.0000  1.3946097E-12
  -58.0000  3.0022537E-12
  -57.0000  7.0619420E-12
  -56.0000  1.8763476E-11
  -55.0000  5.9850034E-11
  -54.0000  2.6246018E-10
  -53.0000  2.4861663E-09
  -52.0000  1.6444786E-07
  -51.0000  7.8918020E-09
  -50.0000  8.7389486E-09
  -49.0000  4.8943562E-08
  -48.0000  2.7284242E-07
  -47.0000  2.2585596E-09
  -46.0000  9.0441218E-10
  -45.0000  4.9485607E-10
  -44.0000  3.2527981E-10
  -43.0000  2.4182504E-10
  -42.0000  1.9657622E-10
  -41.0000  1.7110827E-10
  -40.0000  1.5730677E-10
  -39.0000  1.5128596E-10
  -38.0000  1.5115975E-10
  -37.0000  1.5612525E-10
  -36.0000  1.6605522E-10
  -35.0000  1.8134793E-10
  -34.0000  2.0289956E-10
  -33.0000  2.3218318E-10
  -32.0000  2.7138678E-10
  -31.0000  3.2369748E-10
  -30.0000  3.9372771E-10
  -29.0000  4.8815666E-10
  -28.0000  6.1679561E-10
  -27.0000  7.9421971E-10
  -26.0000  1.0423691E-09
  -25.0000  1.3949342E-09
  -24.0000  1.9045247E-09
  -23.0000  2.6548428E-09
  -22.0000  3.7822954E-09
  -21.0000  5.5143408E-09
  -20.0000  8.2401948E-09
  -19.0000  1.2641788E-08
  -18.0000  1.9967813E-08
  -17.0000  3.2550899E-08
  -16.0000  5.5017708E-08
  -15.0000  9.6822475E-08
  -14.5000  1.3067042E-07
  -14.0000  1.7861643E-07
  -13.5000  2.4742017E-07
  -13.0000  3.4808430E-07
  -12.5000  4.9786712E-07
  -12.0000  7.2561197E-07
  -11.5000  1.0802754E-06
  -11.0000  1.6470015E-06
  -10.5000  2.5802227E-06
  -10.0000  4.1728461E-06
  -9.50000  7.0096914E-06
  -9.00000  1.2317663E-05
  -8.50000  2.2883844E-05
  -8.00000  4.5530061E-05
  -7.50000  9.6599925E-05
  -7.00000  2.0842687E-04
  -6.50000  3.8919204E-04
  -6.00000  4.7939673E-04
  -5.50000  5.4715190E-04
  -5.00000  6.7524090E-04
  -4.50000  1.0123309E-03
  -4.00000  1.5327331E-02
  -3.50000  7.2751662E-02
  -3.00000  1.6989259E-02
  -2.50000  1.0034099E-02
  -2.00000  7.4642630E-03
  -1.50000  7.9793096E-03
  -1.00000  7.5343373E-03
  -0.50000  1.0241076E-02
  -0.00000  1.2549709E-02
   0.50000  1.4112933E-02
   1.00000  1.4974810E-02
   1.50000  1.5362477E-02
   2.00000  1.5528419E-02
   2.50000  1.5656841E-02
   3.00000  1.5988837E-02
   3.50000  1.6296103E-02
   4.00000  1.6700874E-02
   4.50000  1.7169639E-02
   5.00000  1.7646530E-02
   5.50000  1.8110308E-02
   6.00000  1.8525734E-02
   6.50000  1.8896448E-02
   7.00000  1.9251531E-02
   7.50000  1.9634692E-02
   8.00000  2.0092643E-02
   8.50000  2.0666132E-02
   9.00000  2.1384906E-02
   9.50000  2.2264633E-02
   10.0000  2.3304205E-02
   10.5000  2.4485384E-02
   11.0000  2.5762009E-02
   11.5000  2.7080892E-02
   12.0000  2.8377798E-02
   12.5000  2.9597668E-02
   13.0000  3.0709910E-02
   13.5000  3.1789028E-02
   14.0000  3.2751917E-02
   14.5000  3.3726873E-02
   15.0000  3.4781904E-02
   15.5000  3.5975635E-02
   16.0000  3.7365735E-02
   16.5000  3.9029461E-02
   17.0000  4.1082573E-02
   17.5000  4.3658821E-02
   18.0000  4.6668544E-02
   18.5000  4.9625410E-02
   19.0000  5.1699261E-02
   19.5000  5.2121919E-02
   20.0000  5.0615731E-02
   20.5000  4.7511820E-02
   21.0000  4.3494596E-02
   21.5000  3.9233733E-02
   22.0000  3.5213147E-02
   22.5000  3.1686833E-02
   23.0000  2.8732945E-02
   23.5000  2.6340818E-02
   24.0000  2.4457434E-02
   24.5000  2.3014821E-02
   25.0000  2.1954129E-02
   25.5000  2.1218851E-02
   26.0000  2.0766121E-02
   26.5000  2.0562279E-02
   27.0000  2.0486506E-02
   27.5000  2.0703204E-02
   28.0000  2.1104571E-02
   28.5000  2.1676892E-02
   29.0000  2.2406276E-02
   29.5000  2.3278468E-02
   30.0000  2.4278486E-02
   32.0000  2.9268347E-02
   34.0000  3.5024669E-02
   36.0000  3.7066223E-02
   38.0000  3.6648227E-02
   40.0000  4.2647800E-02
   42.0000  5.1828337E-02
   44.0000  5.6364536E-02
   46.0000  4.6809335E-02
   48.0000  3.5134281E-02
   50.0000  2.7443796E-02
   52.0000  2.3252985E-02
   54.0000  2.1365756E-02
   57.0000  2.0914440E-02
   60.0000  2.1525954E-02
   63.0000  2.7464045E-02
   66.0000  3.6819431E-02
   69.0000  3.5109417E-02
   72.0000  3.4999842E-02
   75.0000  3.7981915E-02
   78.0000  4.1958135E-02
   81.0000  4.5655267E-02
   84.0000  4.7007231E-02
   87.0000  4.3284964E-02
   90.0000  3.6337394E-02
   93.0000  3.0934184E-02
   96.0000  2.8267032E-02
   99.0000  2.7758614E-02
   102.000  2.8434324E-02
   105.000  2.9442128E-02
   108.000  3.0681978E-02
   111.000  3.2403461E-02
   114.000  3.4868651E-02
   117.000  3.8079495E-02
   120.000  4.1319883E-02
   123.000  4.3060407E-02
   126.000  4.2234761E-02
   129.000  3.9785448E-02
   132.000  3.7531032E-02
   135.000  3.6132482E-02
   138.000  3.5249482E-02
   141.000  3.4867380E-02
   144.000  3.5129782E-02
   147.000  3.5902631E-02
   150.000  3.6854226E-02
   153.000  3.7710346E-02
   156.000  3.8588690E-02
   159.000  3.9810498E-02
   162.000  4.1274794E-02
   165.000  4.2676580E-02
   168.000  4.4020082E-02
   171.000  4.5330927E-02
   174.000  4.5977593E-02
   177.000  4.5326105E-02
   180.000  4.3478323E-02
   183.000  4.0978622E-02
   186.000  3.8325258E-02
   189.000  3.5924736E-02
   192.000  3.4001303E-02
   195.000  3.2590495E-02
   198.000  3.1532303E-02
   201.000  3.0576003E-02
   204.000  2.9607713E-02
   207.000  2.8730701E-02
   210.000  2.8186196E-02
   213.000  2.8153099E-02
   216.000  2.8807737E-02
   219.000  3.0273674E-02
   222.000  3.2590958E-02
   225.000  3.5814882E-02
   228.000  4.0161805E-02
